100 0.25 
10,11,16,22,23,27,41,42,45,47,51,52,64,65,66,74,83,88,89,90,91,92,93,94,96,
4,12,15,17,21,29,30,31,38,42,48,49,50,56,58,65,79,82,86,92,95,96,97,98,99,
10,11,14,15,21,24,31,35,40,43,45,47,49,51,53,55,61,64,65,66,67,75,78,79,83,87,89,90,91,98,
4,13,16,18,26,29,34,40,43,44,53,57,58,60,66,67,70,72,73,74,78,84,85,86,89,93,95,98,
1,3,5,8,9,10,11,14,16,17,20,25,29,33,34,37,43,51,57,61,74,79,86,97,98,
4,14,18,19,21,28,30,38,49,52,53,56,57,58,59,60,62,63,65,67,70,73,78,79,81,85,90,91,94,96,97,
6,12,14,18,26,27,29,30,31,39,41,50,54,56,63,64,65,70,72,73,77,81,85,97,99,
16,21,23,28,31,36,38,39,41,43,44,49,50,51,68,69,72,87,89,92,93,95,
4,9,22,23,25,29,33,34,37,44,45,50,52,57,58,62,65,71,76,80,81,84,88,95,
4,8,10,21,28,31,34,40,47,49,50,60,64,67,75,76,80,82,85,87,89,90,93,
0,2,4,9,19,21,24,28,41,43,44,45,47,54,56,57,59,62,63,65,68,72,81,84,85,91,92,
0,2,4,22,23,26,27,29,32,35,36,40,42,52,56,61,69,72,74,81,82,87,90,93,94,99,
1,6,12,13,15,17,19,21,25,29,31,40,43,46,48,50,55,58,62,68,71,74,79,80,87,90,94,95,
3,12,14,18,29,31,34,36,42,44,46,50,52,56,58,70,73,75,78,80,81,85,91,94,98,99,
2,4,5,6,13,15,30,31,33,34,40,45,47,52,56,57,60,62,69,70,74,86,89,93,98,
1,2,12,14,15,19,22,25,29,33,34,37,39,43,44,45,46,48,53,55,56,60,63,64,72,74,76,78,79,80,82,83,85,86,95,
0,3,4,7,17,20,21,23,27,29,34,38,39,50,57,61,65,69,72,75,83,84,85,88,91,96,
1,4,12,16,17,18,24,25,39,40,41,50,55,57,66,67,74,75,76,82,88,93,95,98,
3,5,6,13,17,18,22,23,24,29,34,37,39,45,47,48,52,62,67,84,91,94,95,
5,10,12,15,25,30,35,36,44,46,52,53,57,60,65,68,71,75,76,78,81,82,87,89,90,96,99,
4,16,22,24,25,28,34,36,51,54,56,61,63,64,67,68,75,76,77,83,84,90,91,
1,2,5,7,9,10,12,16,23,28,30,37,39,42,47,49,57,61,64,68,72,76,78,82,91,94,96,
0,8,11,15,18,20,23,24,30,37,38,39,45,46,48,52,61,63,70,72,73,76,88,89,93,96,
0,7,8,11,16,18,21,22,23,24,29,34,44,48,51,57,58,59,61,62,63,64,68,72,74,76,87,88,91,96,98,99,
2,10,17,18,20,22,23,25,26,27,33,37,40,47,48,51,54,57,58,60,62,63,65,68,72,78,87,90,93,95,
4,8,12,15,17,19,20,24,28,29,31,33,35,36,55,62,63,65,69,75,76,77,87,90,94,98,
3,6,11,24,31,37,44,45,46,47,54,56,58,61,73,74,79,84,86,
0,6,11,16,24,28,32,36,40,46,47,49,50,56,57,58,62,68,69,75,86,88,97,99,
5,7,9,10,20,21,25,27,31,41,43,49,53,58,59,63,64,65,66,72,76,77,81,82,83,88,90,95,
1,3,4,6,8,11,12,13,15,16,18,23,25,29,30,31,34,35,46,47,48,52,55,58,66,92,96,97,
1,5,6,14,19,21,22,29,32,34,45,46,48,49,50,53,54,65,70,75,78,80,81,82,84,86,88,89,90,92,98,
1,2,6,7,9,12,13,14,25,26,28,29,39,40,41,43,53,55,64,65,69,70,72,73,78,81,92,94,97,98,99,
11,27,30,32,36,42,43,45,46,49,50,52,54,55,56,59,67,68,69,70,72,76,79,95,
4,8,14,15,24,25,35,36,40,41,44,45,46,51,52,56,59,60,62,66,69,70,76,78,80,83,87,92,94,
3,4,8,9,13,14,15,16,18,20,23,29,30,36,42,50,51,52,55,63,65,67,71,74,77,80,85,90,91,93,
2,11,19,25,29,33,36,38,40,42,46,52,53,57,60,63,68,73,75,87,88,94,96,97,
7,11,13,19,20,25,27,32,33,34,35,36,44,46,51,57,63,68,73,76,77,79,81,85,88,90,91,92,94,98,
4,8,15,18,21,22,24,26,40,46,54,55,65,68,73,74,78,81,82,93,94,
1,5,7,16,22,35,42,49,51,55,58,59,63,66,69,72,79,81,82,84,91,95,
6,7,15,16,17,18,21,22,31,40,43,47,48,52,54,64,65,66,67,73,76,77,78,81,85,90,96,98,
2,3,9,11,12,14,17,24,27,31,33,35,37,39,42,43,44,46,47,55,59,63,70,79,85,87,88,99,
0,6,7,10,17,28,31,33,46,49,54,57,58,60,62,63,71,73,76,90,91,
0,1,11,13,21,32,34,35,38,40,42,49,51,54,56,61,65,69,78,82,83,87,93,
2,3,4,7,10,12,15,28,31,32,39,40,44,46,48,60,64,71,73,77,78,79,80,81,83,84,87,88,97,
3,7,8,10,13,15,19,23,26,33,36,40,43,44,45,46,50,55,56,57,65,67,69,76,78,79,80,81,82,84,88,91,94,95,97,
0,2,8,10,14,15,18,22,26,30,32,33,44,48,50,53,58,60,64,65,71,72,75,81,87,97,98,
12,13,15,19,22,26,27,29,30,32,33,35,36,37,40,41,43,44,49,57,60,63,67,82,83,85,86,87,88,90,92,96,98,
0,2,9,10,14,18,21,24,26,27,29,39,40,51,59,60,61,62,66,70,80,87,92,96,
1,12,15,18,22,23,24,29,30,39,43,45,49,50,51,55,56,64,71,74,76,77,79,81,85,87,88,95,
1,2,5,7,9,21,27,28,30,32,38,41,42,46,48,49,50,52,62,66,72,76,83,84,87,88,90,95,96,
1,6,7,8,9,12,13,16,17,27,30,32,34,44,45,48,49,50,54,59,61,62,67,68,71,74,94,
0,2,4,7,20,23,24,33,34,36,38,42,47,48,52,53,56,61,62,68,70,72,73,80,82,84,86,87,92,99,
0,5,8,11,13,14,18,19,22,29,32,33,34,35,39,49,51,65,66,70,71,76,77,81,82,84,90,91,95,96,98,
2,3,5,15,19,28,30,31,35,45,51,57,61,66,72,77,83,85,87,96,98,
6,10,20,24,26,30,32,37,39,41,42,50,54,57,61,67,69,70,73,77,86,97,
2,12,15,17,25,29,31,32,34,37,38,40,44,48,58,61,74,77,85,97,99,
1,5,6,10,11,13,14,15,20,26,27,32,33,42,44,48,51,57,59,66,78,81,83,84,90,97,98,
3,4,5,8,10,14,16,17,19,21,23,24,27,35,36,41,44,46,53,54,56,57,59,67,72,73,76,77,81,82,84,85,86,
1,3,5,8,12,13,23,24,26,27,28,29,38,41,45,55,75,79,80,89,99,
5,10,23,28,32,33,38,40,47,50,56,57,59,65,71,74,80,81,82,88,92,96,
3,5,9,14,15,19,24,33,35,41,43,45,46,47,60,62,67,69,70,71,81,82,89,90,93,94,96,97,
2,4,11,16,20,21,22,23,26,42,47,50,51,53,54,55,61,70,72,73,77,81,83,92,93,
5,8,10,12,14,18,23,24,25,27,33,41,47,49,50,51,60,65,68,69,70,74,76,79,80,84,90,95,96,
5,6,10,15,20,22,23,24,25,28,34,35,36,38,40,41,46,66,68,77,79,88,90,91,94,97,99,
0,2,6,9,15,20,21,23,28,31,39,43,45,48,66,68,69,73,80,85,86,87,88,98,
0,1,2,5,6,8,10,16,19,24,25,28,30,31,34,37,39,42,44,45,52,59,62,65,67,78,79,86,87,93,94,
0,2,3,17,28,29,33,38,39,47,49,52,53,56,63,64,70,73,82,93,97,99,
2,3,5,9,17,18,20,32,34,39,44,46,50,54,57,60,65,73,76,77,83,85,90,93,97,
7,10,12,19,20,21,23,24,27,32,35,36,37,50,51,62,63,64,77,78,81,85,87,88,89,90,91,92,93,98,
7,11,14,16,25,27,31,32,33,38,42,44,54,60,62,64,77,80,88,91,
3,5,6,13,14,22,30,31,32,33,40,47,51,52,54,60,61,62,66,70,73,86,87,89,95,97,98,99,
8,12,19,34,41,43,45,48,50,52,59,60,72,76,78,82,92,95,97,
3,6,7,10,11,15,16,21,22,23,24,28,31,32,38,45,49,51,53,57,61,71,74,79,83,84,85,91,94,96,97,99,
3,5,6,13,22,26,31,35,36,37,39,41,43,51,54,57,61,64,66,67,70,76,78,83,84,91,93,
0,3,4,11,12,14,15,17,23,26,34,37,48,50,55,59,62,72,79,85,98,99,
2,9,13,16,17,19,20,25,27,30,35,45,58,75,84,90,94,99,
8,9,15,17,19,20,21,22,23,25,28,32,33,36,39,41,44,48,49,52,57,62,67,71,73,90,93,94,
6,20,25,28,34,36,39,43,48,52,53,54,55,57,61,63,67,68,69,83,84,88,90,92,98,
2,3,5,13,15,19,21,24,30,31,33,37,39,42,43,44,56,65,68,71,73,79,88,98,
1,2,4,5,12,15,26,32,36,38,40,43,44,48,58,62,63,65,72,74,78,80,83,87,88,95,97,
8,9,12,13,15,30,33,34,43,44,47,51,58,59,62,64,69,79,81,82,88,95,97,
5,6,8,10,11,13,19,28,30,31,36,37,38,39,43,44,45,48,52,56,57,59,60,61,68,80,84,86,97,
1,9,11,15,17,19,21,28,30,37,38,42,44,46,51,52,57,59,60,66,71,80,85,88,90,93,94,95,98,
0,2,15,16,20,28,33,42,43,46,49,53,56,61,67,72,73,77,79,85,87,95,99,
3,8,10,16,18,20,26,30,38,43,44,49,51,52,56,57,62,72,73,75,77,81,84,87,
3,5,6,9,10,13,15,16,34,36,39,40,46,48,53,55,57,64,67,68,72,74,82,83,89,95,
1,3,4,14,15,26,27,30,46,51,54,57,64,65,70,81,87,94,98,99,
2,7,9,11,12,19,23,24,25,33,35,40,42,43,45,46,47,48,49,51,53,64,65,68,70,79,83,84,86,87,93,96,
0,8,16,17,22,23,27,28,30,35,36,40,43,44,46,48,49,59,63,64,68,69,77,78,79,80,82,98,
0,2,3,7,9,14,19,22,30,58,60,68,70,85,89,91,93,
0,2,5,9,11,12,19,20,24,25,28,30,34,36,39,41,46,49,52,56,60,62,63,67,68,75,76,77,82,90,
0,2,5,10,13,16,18,20,21,23,34,36,38,41,44,52,63,68,69,72,73,89,92,
0,1,7,10,29,30,31,33,36,46,47,51,59,61,68,71,77,91,94,95,
0,3,7,9,11,14,17,22,24,34,37,42,60,61,65,66,67,68,73,76,82,87,89,95,98,
0,5,11,12,13,18,21,25,31,33,35,36,37,44,50,60,63,65,72,75,76,82,86,92,95,
1,3,7,8,12,15,17,18,24,28,32,38,44,48,49,52,62,70,71,79,80,82,83,85,92,93,94,98,99,
0,1,5,16,19,21,22,23,29,35,39,46,47,49,52,53,59,60,62,72,87,97,98,
1,4,5,6,27,29,31,35,43,44,45,54,55,56,60,63,66,67,70,71,72,79,80,81,96,
1,2,3,4,13,14,17,23,25,30,31,36,39,45,46,52,53,56,64,68,70,74,77,78,82,86,88,93,95,96,
1,6,11,13,19,23,27,31,40,51,55,58,63,66,70,72,74,75,83,86,95,
